1.555449999999999999e+00 -1.000550000000000050e+00 0.000000000000000000e+00
-1.241549999999999931e+00 1.587779999999999969e+00 1.000000000000000000e+00
1.280680000000000041e+00 -1.022399999999999975e+00 0.000000000000000000e+00
1.774370000000000003e+00 1.054820000000000091e+00 1.000000000000000000e+00
-3.674520000000000008e-01 -1.279199999999999893e+00 0.000000000000000000e+00
1.530720000000000081e+00 8.690679999999999517e-01 1.000000000000000000e+00
1.946760000000000046e+00 -1.931799999999999906e-01 0.000000000000000000e+00
-4.092859999999999832e-01 1.408850000000000102e-01 1.000000000000000000e+00
-1.204309999999999964e-01 -8.977279999999999704e-01 0.000000000000000000e+00
6.223499999999999865e-02 -7.032859999999999667e-01 1.000000000000000000e+00
5.937050000000000383e-01 -4.815040000000000292e-02 0.000000000000000000e+00
-4.189950000000000063e-01 8.067760000000000487e-01 1.000000000000000000e+00
8.179030000000000467e-01 1.309669999999999975e-03 0.000000000000000000e+00
-1.231519999999999948e+00 1.644940000000000069e+00 1.000000000000000000e+00
-3.754000000000000115e-01 -1.439500000000000002e+00 0.000000000000000000e+00
-8.473810000000000509e-01 4.428449999999999886e-01 1.000000000000000000e+00
-5.760880000000000445e-01 -1.563530000000000086e+00 0.000000000000000000e+00
-6.638610000000000344e-01 7.947509999999999852e-01 1.000000000000000000e+00
1.347849999999999993e+00 -8.343970000000000553e-01 0.000000000000000000e+00
1.178260000000000002e-01 1.982150000000000079e+00 1.000000000000000000e+00
6.867039999999999811e-01 -1.482140000000000013e+00 0.000000000000000000e+00
1.555190000000000072e+00 1.260799999999999921e+00 1.000000000000000000e+00
4.335200000000000164e-01 -2.791359999999999952e-01 0.000000000000000000e+00
1.627969999999999973e-01 8.056060000000000443e-01 1.000000000000000000e+00
-7.532690000000000219e-02 -1.250220000000000109e+00 0.000000000000000000e+00
1.751910000000000134e-01 1.537179999999999991e+00 1.000000000000000000e+00
6.710660000000000514e-01 -2.055719999999999992e+00 0.000000000000000000e+00
3.356009999999999827e-01 1.931740000000000013e+00 1.000000000000000000e+00
4.026580000000000159e-01 -1.263190000000000035e+00 0.000000000000000000e+00
2.985900000000000012e-02 1.464010000000000034e+00 1.000000000000000000e+00
1.718380000000000019e+00 3.956699999999999801e-02 0.000000000000000000e+00
4.121900000000000008e-01 1.591579999999999995e+00 1.000000000000000000e+00
7.380740000000000078e-01 -1.958579999999999988e+00 0.000000000000000000e+00
-7.425880000000000258e-01 9.413030000000000008e-01 1.000000000000000000e+00
1.836559999999999970e+00 1.412230000000000082e-02 0.000000000000000000e+00
-6.178390000000000271e-01 1.872969999999999913e-01 1.000000000000000000e+00
1.612770000000000037e+00 -1.165859999999999896e+00 0.000000000000000000e+00
-4.383870000000000128e-02 1.602090000000000014e+00 1.000000000000000000e+00
8.479090000000000238e-01 -1.510690000000000088e+00 0.000000000000000000e+00
4.845690000000000275e-01 -4.033430000000000071e-01 1.000000000000000000e+00
1.341709999999999958e+00 -9.842079999999999718e-01 0.000000000000000000e+00
1.207300000000000040e+00 -2.099769999999999970e-01 1.000000000000000000e+00
1.545860000000000012e+00 1.924690000000000012e+00 0.000000000000000000e+00
1.126309999999999922e+00 -2.613799999999999891e-03 1.000000000000000000e+00
3.568830000000000058e-01 -1.709750000000000103e+00 0.000000000000000000e+00
-4.868620000000000170e-01 6.608939999999999815e-01 1.000000000000000000e+00
1.242299999999999960e+00 1.776240000000000041e+00 0.000000000000000000e+00
-4.959729999999999972e-01 7.349550000000000249e-01 1.000000000000000000e+00
2.163650000000000073e+00 -1.144099999999999978e-01 0.000000000000000000e+00
-4.153370000000000117e-01 7.028290000000000370e-01 1.000000000000000000e+00
1.138959999999999972e+00 -9.118439999999999879e-01 0.000000000000000000e+00
-7.042019999999999946e-01 8.087180000000000479e-01 1.000000000000000000e+00
-1.946039999999999923e-02 -1.472650000000000015e+00 0.000000000000000000e+00
2.478859999999999952e-01 1.594389999999999974e+00 1.000000000000000000e+00
1.269360000000000044e+00 -1.053590000000000027e+00 0.000000000000000000e+00
1.743900000000000006e+00 1.843150000000000066e+00 1.000000000000000000e+00
1.661059999999999981e+00 1.856859999999999955e+00 0.000000000000000000e+00
-1.317139999999999977e+00 1.389539999999999997e+00 1.000000000000000000e+00
7.165259999999999962e-01 -1.867439999999999989e+00 0.000000000000000000e+00
-1.868859999999999966e+00 1.495139999999999914e+00 1.000000000000000000e+00
1.790569999999999995e+00 -1.191220000000000057e-01 0.000000000000000000e+00
-1.053549999999999986e+00 1.116120000000000001e+00 1.000000000000000000e+00
3.674769999999999981e-01 -1.446220000000000061e+00 0.000000000000000000e+00
1.234070000000000000e+00 -4.248459999999999737e-02 1.000000000000000000e+00
7.289109999999999756e-01 -1.868330000000000046e+00 0.000000000000000000e+00
-9.781269999999999687e-01 2.212320000000000064e+00 1.000000000000000000e+00
1.723919999999999897e+00 2.206210000000000004e+00 0.000000000000000000e+00
4.974350000000000160e-01 1.667149999999999910e+00 1.000000000000000000e+00
5.970290000000000319e-01 -2.008929999999999882e+00 0.000000000000000000e+00
1.246019999999999905e+00 -3.047180000000000027e-02 1.000000000000000000e+00
-1.669190000000000118e-01 -1.368319999999999981e+00 0.000000000000000000e+00
-1.156859999999999999e+00 2.244990000000000041e+00 1.000000000000000000e+00
-2.818419999999999953e-02 -1.462530000000000108e+00 0.000000000000000000e+00
-1.345920000000000005e+00 1.688020000000000076e+00 1.000000000000000000e+00
1.517439999999999900e+00 1.765009999999999968e+00 0.000000000000000000e+00
-1.058300000000000018e+00 2.034940000000000193e+00 1.000000000000000000e+00
5.681629999999999736e-01 -1.547260000000000080e+00 0.000000000000000000e+00
-1.100300000000000056e+00 2.251129999999999853e+00 1.000000000000000000e+00
1.383639999999999981e+00 2.159650000000000070e+00 0.000000000000000000e+00
-1.344680000000000007e-02 -6.637469999999999481e-02 1.000000000000000000e+00
1.615299999999999958e+00 -1.183729999999999949e+00 0.000000000000000000e+00
-1.488879999999999981e+00 2.109449999999999825e+00 1.000000000000000000e+00
-5.860670000000000046e-01 -1.061320000000000041e+00 0.000000000000000000e+00
1.419249999999999901e+00 1.159919999999999979e-01 1.000000000000000000e+00
2.244419999999999860e+00 2.500129999999999852e-01 0.000000000000000000e+00
1.471770000000000023e+00 -2.348679999999999934e-01 1.000000000000000000e+00
1.930870000000000086e-01 -1.470040000000000013e+00 0.000000000000000000e+00
-1.058209999999999984e-01 9.198749999999999982e-01 1.000000000000000000e+00
9.151679999999999815e-01 -8.164559999999999595e-01 0.000000000000000000e+00
1.352749999999999897e+00 7.096189999999999998e-01 1.000000000000000000e+00
3.093179999999999819e-01 -1.622060000000000057e+00 0.000000000000000000e+00
8.951729999999999410e-02 -7.111060000000000159e-01 1.000000000000000000e+00
-1.753560000000000008e+00 4.281289999999999818e-01 0.000000000000000000e+00
1.145049999999999901e+00 -1.339120000000000033e-01 1.000000000000000000e+00
7.980540000000000411e-01 -3.019620000000000082e-01 0.000000000000000000e+00
-1.316999999999999948e+00 1.376409999999999911e+00 1.000000000000000000e+00
-1.548040000000000083e+00 2.064330000000000054e-01 0.000000000000000000e+00
1.226089999999999902e+00 -2.472910000000000108e-01 1.000000000000000000e+00
6.943529999999999980e-01 -1.433880000000000043e+00 0.000000000000000000e+00
-6.439669999999999561e-01 9.878240000000000354e-01 1.000000000000000000e+00
7.871190000000000131e-01 -2.027369999999999894e+00 0.000000000000000000e+00
-1.591899999999999982e-01 9.384649999999999936e-01 1.000000000000000000e+00
-5.069369999999999710e-01 -1.602619999999999933e+00 0.000000000000000000e+00
3.528290000000000037e-01 -5.446900000000000075e-01 1.000000000000000000e+00
7.248780000000000223e-01 -2.036880000000000024e+00 0.000000000000000000e+00
-1.206879999999999953e+00 2.184870000000000090e+00 1.000000000000000000e+00
6.632160000000000277e-01 -1.770909999999999984e+00 0.000000000000000000e+00
-1.240450000000000025e-01 9.944380000000000441e-01 1.000000000000000000e+00
7.736590000000000134e-02 -1.258610000000000007e+00 0.000000000000000000e+00
-1.220439999999999969e+00 2.330270000000000064e+00 1.000000000000000000e+00
1.128589999999999982e+00 -8.163340000000000041e-01 0.000000000000000000e+00
2.514480000000000048e-01 -3.189319999999999933e-01 1.000000000000000000e+00
-3.279020000000000268e-01 -9.807360000000000522e-01 0.000000000000000000e+00
-5.210219999999999851e-01 7.552980000000000249e-01 1.000000000000000000e+00
-1.833280000000000021e+00 1.083159999999999956e-01 0.000000000000000000e+00
-3.201240000000000197e-01 3.313369999999999926e-01 1.000000000000000000e+00
3.075380000000000127e-02 -1.179810000000000025e+00 0.000000000000000000e+00
-6.049959999999999782e-01 5.508969999999999700e-01 1.000000000000000000e+00
9.035029999999999450e-01 -3.128170000000000117e-01 0.000000000000000000e+00
-1.459060000000000024e+00 1.666050000000000031e+00 1.000000000000000000e+00
1.079080000000000039e-01 -1.351769999999999916e+00 0.000000000000000000e+00
1.299660000000000037e+00 -2.774519999999999764e-01 1.000000000000000000e+00
1.714599999999999902e+00 1.658250000000000002e+00 0.000000000000000000e+00
-3.251729999999999898e-02 1.490189999999999904e+00 1.000000000000000000e+00
1.252369999999999872e-01 -1.231430000000000025e+00 0.000000000000000000e+00
1.815039999999999987e+00 2.187139999999999862e+00 1.000000000000000000e+00
-3.640450000000000075e-01 -1.164719999999999978e+00 0.000000000000000000e+00
1.289740000000000109e+00 8.839810000000000167e-01 1.000000000000000000e+00
4.141710000000000114e-01 -1.698050000000000059e+00 0.000000000000000000e+00
-3.047579999999999734e-01 1.203529999999999989e+00 1.000000000000000000e+00
1.253900000000000015e+00 2.163440000000000030e+00 0.000000000000000000e+00
1.534499999999999975e+00 1.905270000000000019e+00 1.000000000000000000e+00
1.229600000000000026e+00 -7.180189999999999628e-01 0.000000000000000000e+00
-1.400889999999999913e-01 9.645259999999999945e-01 1.000000000000000000e+00
-2.751689999999999969e-01 -1.424199999999999910e+00 0.000000000000000000e+00
3.002659999999999774e-01 1.699200000000000044e+00 1.000000000000000000e+00
1.870509999999999895e+00 -2.057479999999999865e-01 0.000000000000000000e+00
4.314579999999999804e-02 1.141769999999999952e+00 1.000000000000000000e+00
2.419179999999999942e-03 -1.058999999999999941e+00 0.000000000000000000e+00
-4.459259999999999891e-01 1.058710000000000040e+00 1.000000000000000000e+00
1.351339999999999986e+00 -6.707840000000000469e-01 0.000000000000000000e+00
-3.987359999999999793e-01 8.426179999999999781e-01 1.000000000000000000e+00
1.230169999999999986e+00 1.833909999999999929e+00 0.000000000000000000e+00
-6.591789999999999594e-01 1.104240000000000110e+00 1.000000000000000000e+00
-1.778310000000000057e+00 2.569969999999999755e-01 0.000000000000000000e+00
-1.503319999999999990e+00 1.711999999999999966e+00 1.000000000000000000e+00
-1.717700000000000005e+00 2.943009999999999793e-01 0.000000000000000000e+00
-1.654109999999999969e+00 1.366090000000000027e+00 1.000000000000000000e+00
-1.278720000000000079e+00 1.883749999999999869e-01 0.000000000000000000e+00
2.260429999999999939e-01 -7.480059999999999487e-01 1.000000000000000000e+00
1.097310000000000008e+00 -7.451600000000000446e-01 0.000000000000000000e+00
1.378470000000000084e+00 -2.354110000000000091e-01 1.000000000000000000e+00
1.417820000000000080e+00 1.940390000000000059e+00 0.000000000000000000e+00
-6.883989999999999831e-01 1.646390000000000076e-01 1.000000000000000000e+00
-2.143859999999999932e-01 -1.134330000000000060e+00 0.000000000000000000e+00
2.915769999999999751e-01 -5.334950000000000525e-01 1.000000000000000000e+00
4.721449999999999814e-01 -1.806059999999999999e+00 0.000000000000000000e+00
-9.666150000000000020e-01 1.043379999999999974e+00 1.000000000000000000e+00
6.212429999999999897e-01 -1.538059999999999983e+00 0.000000000000000000e+00
9.896380000000000177e-01 -1.050220000000000042e-01 1.000000000000000000e+00
1.822030000000000038e-01 -1.500639999999999974e+00 0.000000000000000000e+00
1.840270000000000072e+00 6.032140000000000279e-01 1.000000000000000000e+00
2.106549999999999923e+00 -1.779650000000000121e-01 0.000000000000000000e+00
1.759900000000000020e+00 1.045050000000000034e+00 1.000000000000000000e+00
1.756510000000000016e+00 -4.173100000000000143e-01 0.000000000000000000e+00
4.351780000000000093e-01 -8.442920000000000424e-01 1.000000000000000000e+00
9.704460000000000308e-01 -5.065969999999999640e-01 0.000000000000000000e+00
-4.397800000000000042e-01 6.828549999999999898e-01 1.000000000000000000e+00
1.400619999999999976e+00 -8.053569999999999895e-01 0.000000000000000000e+00
-3.224429999999999796e-01 -3.335930000000000145e-02 1.000000000000000000e+00
6.860659999999999537e-01 -1.045760000000000023e-01 0.000000000000000000e+00
-3.572540000000000160e-01 4.135799999999999893e-02 1.000000000000000000e+00
5.061419999999999808e-01 -1.782750000000000057e+00 0.000000000000000000e+00
-1.111459999999999892e+00 1.873220000000000107e+00 1.000000000000000000e+00
8.725739999999999608e-01 1.346390000000000087e-02 0.000000000000000000e+00
-8.797859999999999570e-01 7.390959999999999752e-01 1.000000000000000000e+00
1.148460000000000036e+00 -7.750749999999999584e-01 0.000000000000000000e+00
1.410970000000000057e+00 6.291560000000000485e-01 1.000000000000000000e+00
4.202629999999999977e-01 -1.653960000000000097e+00 0.000000000000000000e+00
-1.549860000000000015e+00 1.626600000000000046e+00 1.000000000000000000e+00
1.606659999999999977e+00 1.076580000000000037e-01 0.000000000000000000e+00
-1.790920000000000012e-01 -3.413019999999999943e-01 1.000000000000000000e+00
-2.840409999999999879e-01 -1.532459999999999933e+00 0.000000000000000000e+00
-1.142460000000000031e+00 2.463099999999999845e+00 1.000000000000000000e+00
8.061399999999999677e-01 -1.628689999999999971e+00 0.000000000000000000e+00
-9.800419999999999687e-01 1.652619999999999978e+00 1.000000000000000000e+00
1.358149999999999968e+00 1.459740000000000038e+00 0.000000000000000000e+00
-2.625790000000000068e-01 8.511459999999999582e-01 1.000000000000000000e+00
-1.421399999999999997e+00 3.772589999999999971e-02 0.000000000000000000e+00
3.241040000000000032e-01 -5.588009999999999922e-01 1.000000000000000000e+00
5.370859999999999523e-01 -2.875099999999999878e-02 0.000000000000000000e+00
3.524630000000000263e-01 1.759479999999999933e+00 1.000000000000000000e+00
-1.444220000000000059e+00 2.029410000000000103e-01 0.000000000000000000e+00
-1.188649999999999984e+00 1.301700000000000079e+00 1.000000000000000000e+00
1.958979999999999944e+00 4.437689999999999690e-02 0.000000000000000000e+00
-1.390970000000000040e+00 2.206830000000000069e+00 1.000000000000000000e+00
5.688640000000000363e-01 -2.030310000000000059e+00 0.000000000000000000e+00
-5.470479999999999787e-01 6.072439999999999782e-02 1.000000000000000000e+00
-1.685049999999999937e+00 2.908979999999999899e-01 0.000000000000000000e+00
1.736860000000000070e+00 7.933860000000000356e-01 1.000000000000000000e+00
