-5.188800000000000079e-01 8.851830000000000531e-01 3.176089999999999858e+00
-1.774070000000000036e+00 2.597010000000000041e+00 -1.242789999999999928e+01
2.857100000000000195e-01 2.788829999999999920e-01 -1.165700000000000003e+01
-1.273919999999999941e+00 -1.634460000000000024e+00 -3.883999999999999897e+00
1.947449999999999903e+00 -4.291949999999999932e-01 -5.868859999999999744e+00
2.434020000000000072e-01 1.229190000000000005e+00 2.494790000000000063e+00
-9.848179999999999712e-01 1.581509999999999971e+00 -3.710550000000000015e+00
-1.219149999999999956e+00 8.900709999999999456e-01 -4.645290000000000141e+00
4.813700000000000201e-01 4.686779999999999835e-01 8.965049999999999741e+00
-4.213529999999999776e-01 3.238770000000000260e-01 1.576109999999999900e+00
4.788970000000000171e-01 -3.960859999999999936e-01 -6.119550000000000267e-01
-4.111290000000000222e-01 1.786510000000000042e+00 6.637229999999999741e+00
-1.723079999999999945e+00 5.791830000000000034e-01 -9.129379999999999384e+00
-1.138200000000000101e+00 1.508410000000000029e+00 -6.996229999999999727e+00
-6.551789999999999559e-01 -7.317249999999999588e-01 -6.595259999999999456e-01
2.851290000000000213e-01 -8.894030000000000546e-01 -7.829369999999999941e+00
-1.077870000000000106e+00 1.900330000000000075e+00 -2.810750000000000082e+00
-4.775860000000000105e-01 8.928500000000000325e-01 1.971189999999999998e+00
3.144569999999999865e-01 1.755990000000000051e-01 3.459109999999999907e+00
-8.536200000000000454e-01 -4.115829999999999766e-01 4.077979999999999938e-01
1.402849999999999930e+00 -7.237360000000000460e-01 -1.079849999999999977e+00
-7.885320000000000107e-01 1.485380000000000034e-01 7.414589999999999570e+00
1.739119999999999999e+00 -2.337039999999999951e-01 -2.889870000000000161e+00
-9.861950000000000438e-01 1.369390000000000107e+00 1.178299999999999903e+00
-5.126560000000000006e-01 9.243130000000000512e-01 4.276200000000000223e+00
1.296769999999999978e+00 -1.383979999999999988e+00 -5.797640000000000349e+00
-1.585960000000000036e+00 1.007649999999999935e+00 1.740310000000000024e+00
5.046690000000000342e-01 5.905219999999999914e-01 -8.721040000000000347e+00
-1.206720000000000102e-03 -3.058460000000000067e-01 -2.621910000000000185e+00
-1.019519999999999982e+00 2.251980000000000093e-01 4.234200000000000408e+00
3.432720000000000216e-01 5.871020000000000127e-01 -3.107660000000000089e+00
1.328680000000000083e+00 -6.373440000000000216e-01 -1.052929999999999922e+01
7.729949999999999877e-01 1.019930000000000003e+00 -1.603099999999999969e+00
-1.112810000000000077e+00 4.596539999999999654e-02 8.605769999999999698e+00
1.317020000000000080e+00 -4.660659999999999803e-01 3.823580000000000201e+00
2.482659999999999867e-01 -1.010370000000000018e-01 1.290820000000000078e+00
-3.259630000000000027e-01 6.207359999999999545e-01 -6.519849999999999923e+00
3.523640000000000105e-01 2.027369999999999894e+00 1.081819999999999915e+01
3.272860000000000213e-01 -2.610410000000000230e-01 7.560419999999999918e-01
-7.197620000000000129e-01 1.313649999999999984e+00 7.098309999999999675e+00
3.061589999999999812e+00 4.436579999999999968e-01 -1.849119999999999919e+01
5.002919999999999590e-01 -2.416770000000000029e-01 8.036370000000000458e-01
4.231050000000000089e-01 2.227609999999999868e-01 1.311509999999999954e+00
-9.421929999999999472e-01 1.857019999999999893e+00 4.311189999999999856e+00
2.385750000000000093e-01 -9.272949999999999804e-01 -2.346179999999999932e+00
7.329849999999999977e-01 -1.288499999999999979e+00 -2.208060000000000134e+00
2.980030000000000179e-01 3.262100000000000000e-01 4.202460000000000223e-02
-6.229590000000000405e-01 7.145249999999999657e-01 7.413509999999999822e-01
-7.947849999999999637e-01 -1.095369999999999955e-01 1.127289999999999903e+00
1.972839999999999927e+00 2.203219999999999901e-01 -2.495070000000000121e+01
